414160796
421094093
421094094
421094095
421094096
421094097
421094099
421094100
421094102
421094103
421132182
421132184
421132191
421132194
421240363
421240365
421240369
421240371
421240372
421240374
421240378
421240380
421240819
421241214
421277704
421277705
421277708
421277709
421277710
421277713
421277715
421280994
421280995
421280996
421280997
421280998
421280999
421281000
421281001
421281002
421281003
421281004
421281005
421281007
421339613
421358140
421358145
421358147
421358151
421358154
421358157
421358160
421358163
421358166
421893795
422843148
422843322
422845702
423112701
423112705
423112707
423117301
423121633
423129005
423137485
423139085
423144166
423146029
423146033
423146035
423146036
423146038
423146039
423146041
423146042
423146044
423146046
423146048
423146052
423146047
423146085
423146057
423146062
423146065
423146069
423146073
423146076
423146079
423146084
423146087
423146091
423146093
423146095
423168749
423185338
423191914
423191941
423192751
423192753
423192760